{
  "method": "nn",
  "n": 6137,
  "time_seconds": 0.1223902702331543,
  "best_open_length": 105043.421875,
  "best_closed_length": 107437.875,
  "start_idx": 3753
}

{
  "method": "nn+2opt",
  "n": 6137,
  "time_seconds": 60.00969862937927,
  "best_open_length": 104128.3515625,
  "best_closed_length": 104141.3515625,
  "start_idx": 3753
}
{
  "method": "nn+2opt",
  "n": 6137,
  "time_seconds": 600.0074322223663,
  "best_open_length": 101115.0234375,
  "best_closed_length": 101128.0234375,
  "start_idx": 3753
}

